100
2 4
10 5
3 12
7 7 7
3 12
4 2 1
5 1000000000
25 25 25 25 25
2 2
1 1
5 5
1 1 1 1 1
5 448257424
1 2 3 4 5
5 915742169
18 7 21 11 25
5 985802204
19 19 19 19 19
5 518634458
6 6 6 6 6
5 666651876
12 12 12 12 12
5 985366822
19 19 19 19 19
5 128623080
18 18 18 18 18
5 603840657
6 6 6 6 6
5 397215500
17 17 17 17 17
5 749736700
25 25 25 25 25
5 213345790
8 8 8 8 8
5 787366381
18 18 18 18 18
5 843541943
1 1 1 1 1
5 862939616
22 22 22 22 22
5 769921106
9 9 9 9 9
5 506359613
4 4 4 4 4
5 143184149
13 13 13 13 13
5 18940217
19 19 19 19 19
5 73096075
7 7 7 7 7
5 888917858
25 25 25 25 25
5 658714986
7 7 7 7 7
5 632685014
1 1 1 1 1
5 248492244
23 23 23 23 23
5 372978361
22 22 22 22 22
5 945445413
6 6 6 6 6
5 865900339
19 19 19 19 19
5 563619286
7 7 7 7 7
5 924512120
1 2 3 4 5
5 574768639
1 2 3 4 5
5 640089226
1 2 3 4 5
5 330816043
1 2 3 4 5
5 448048189
1 2 3 4 5
5 422324913
1 2 3 4 5
5 944371586
1 2 3 4 5
5 620451402
1 2 3 4 5
5 276385126
1 2 3 4 5
5 474508274
1 2 3 4 5
5 687097647
1 2 3 4 5
5 480058536
1 2 3 4 5
5 925189442
1 2 3 4 5
5 389597064
1 2 3 4 5
5 592592326
1 2 3 4 5
5 747581152
1 2 3 4 5
5 121144387
1 2 3 4 5
5 160591360
1 2 3 4 5
5 839892653
1 2 3 4 5
5 450305413
1 2 3 4 5
5 347556676
1 2 3 4 5
5 2397382
1 2 3 4 5
5 227412547
1 2 3 4 5
5 96151060
1 2 3 4 5
5 940684941
1 2 3 4 5
5 878413812
19 17 9 1 19
5 785608555
15 22 4 10 22
5 472223804
9 18 12 5 13
5 504578596
7 20 12 25 17
5 81330354
22 5 24 4 8
5 360383749
3 2 21 22 25
5 850113217
3 8 25 9 20
5 256570274
2 18 6 9 1
5 523132572
12 25 15 24 24
5 369315006
19 13 17 8 4
5 115028915
7 11 16 6 7
5 144816568
16 7 20 18 8
5 461536053
10 2 4 14 16
5 210075601
15 14 13 23 3
5 690539120
2 19 16 20 16
5 389791196
22 12 15 8 20
5 674460870
12 13 10 18 13
5 24896671
3 7 15 25 19
5 358140
2 10 15 18 19
5 649573799
23 15 4 10 6
5 351158807
10 24 2 19 7
5 986399190
17 15 12 16 17
5 698885057
3 3 4 21 21
5 338235709
2 7 25 24 3
5 978082871
11 17 16 12 13
5 241788258
19 14 17 16 1
5 163417932
13 19 13 17 10
5 603561094
23 22 12 11 4
5 463982844
16 2 3 20 10
5 7067931
14 9 12 2 1
5 71923198
9 19 5 22 3
5 714176640
11 21 12 5 7
5 30438420
21 11 11 11 21
5 977278233
12 25 21 23 10
5 883797840
15 5 11 3 16
5 333515896
13 7 14 8 4
5 172712705
5 21 8 8 9
5 430284716
23 13 20 17 6
5 277229636
7 17 15 18 21
5 553086827
11 4 23 3 18
5 561754370
13 17 21 22 7
5 302042891
10 23 4 19 8
