100
2 4
10 5
3 12
7 7 7
3 12
4 2 1
5 1000000000
25 25 25 25 25
2 2
1 1
5 5
1 1 1 1 1
5 448257424
1 2 3 4 5
5 915742169
18 7 21 11 25
5 590841236
25 25 25 25 25
5 198563572
14 14 14 14 14
5 526599761
14 14 14 14 14
5 760068846
4 4 4 4 4
5 776140729
25 25 25 25 25
5 517685368
19 19 19 19 19
5 820591715
10 10 10 10 10
5 836805486
2 2 2 2 2
5 265956040
5 5 5 5 5
5 715401274
6 6 6 6 6
5 404599221
12 12 12 12 12
5 229884651
6 6 6 6 6
5 426789492
11 11 11 11 11
5 984050871
11 11 11 11 11
5 25475868
13 13 13 13 13
5 840327363
20 20 20 20 20
5 568791383
22 22 22 22 22
5 304414893
15 15 15 15 15
5 346752173
2 2 2 2 2
5 46086072
13 13 13 13 13
5 826120419
18 18 18 18 18
5 803290832
16 16 16 16 16
5 780237433
18 18 18 18 18
5 783284080
1 1 1 1 1
5 218456075
8 8 8 8 8
5 512426584
1 2 3 4 5
5 109388388
1 2 3 4 5
5 402751520
1 2 3 4 5
5 273445459
1 2 3 4 5
5 266810226
1 2 3 4 5
5 626556656
1 2 3 4 5
5 151994733
1 2 3 4 5
5 356217151
1 2 3 4 5
5 698957718
1 2 3 4 5
5 739458120
1 2 3 4 5
5 710882914
1 2 3 4 5
5 642859815
1 2 3 4 5
5 788787026
1 2 3 4 5
5 31476016
1 2 3 4 5
5 488215738
1 2 3 4 5
5 192241573
1 2 3 4 5
5 964360845
1 2 3 4 5
5 121956097
1 2 3 4 5
5 411093952
1 2 3 4 5
5 512351562
1 2 3 4 5
5 351849218
1 2 3 4 5
5 776269902
1 2 3 4 5
5 624607992
1 2 3 4 5
5 327375896
1 2 3 4 5
5 911232209
1 2 3 4 5
5 976232237
19 6 18 3 3
5 678079245
16 24 11 17 14
5 294992751
21 22 20 8 7
5 118809148
2 16 25 24 15
5 599650681
15 7 9 23 14
5 833409554
2 24 23 12 9
5 72393128
6 15 22 10 10
5 277789119
19 8 15 23 11
5 205880215
10 24 7 8 23
5 500797767
17 19 21 6 2
5 186313582
23 21 3 19 19
5 844823338
1 13 25 15 13
5 571345656
14 20 3 3 24
5 762911907
18 23 20 12 6
5 894494700
6 5 20 16 14
5 992353220
5 16 24 6 11
5 87338846
7 11 3 8 21
5 814981517
2 24 25 16 6
5 247609828
22 7 11 24 24
5 585617226
5 5 22 7 13
5 656565496
23 24 12 21 20
5 297271818
8 23 12 9 9
5 716314474
22 25 4 19 15
5 843717671
8 16 21 8 6
5 411530107
6 16 16 5 19
5 569757848
7 13 19 25 6
5 854120988
11 3 17 23 19
5 454834019
18 1 17 16 14
5 234155018
22 9 12 12 17
5 96670138
24 22 9 6 4
5 219037679
12 3 20 7 18
5 940703842
19 12 23 13 10
5 828730935
8 8 25 4 3
5 507791335
15 19 2 3 6
5 612667104
23 17 2 24 23
5 514580785
20 15 13 7 6
5 773155385
19 25 14 19 4
5 259903964
10 5 25 11 8
5 972844403
22 21 2 13 20
5 646746124
1 16 14 12 8
5 855828099
3 13 13 14 25
5 695482743
2 1 23 3 15
