100
2 1
500 300
900
660
2 1
500 300
1500
809
2 2
50 100
450 449
1100 1101
2 1
500 300
300
500
1 8
10
11 13 17 11 16 14 12 18
1 6
3
2251 2397 2601 2160 2211 2264
1 4
5
10516 4000 4161 962
2 5
92798 103766
844375 401565 970601 751384 951322
961768 946304 966897 734571 890693
2 4
7 2
7 40 54 77
2 18 11 15
2 6
10 1
12501 11724 12831 12000 10982 10800
1164 1200 1118 1316 1128 1320
2 5
3 3
1500 954 1213 270 579
330 944 554 1500 1209
1 6
4
8433 9196 9900 9368 10164 9853
1 2
9
1620 839
2 8
7 5
7 77 7 7 7 7 7 7
5 5 5 5 5 5 45 5
1 3
3
5100 5503 4756
1 7
8
11727 14080 12808 13963 13360 11592 12165
2 8
4 6
44 26 18 27 8 20 16 44
30 54 27 24 41 39 12 54
1 5
235412
877680 675724 821398 999864 890597
1 1
3
6474
1 3
1000000
899999 900001 900000
1 1
9
16106
1 3
10
14000 10658 27500
1 4
298137
969760 844835 795712 715247
2 8
200452 161345
875484 738453 262338 263176 801969 988668 742425 428802
903835 899074 860796 793404 787904 832748 811216 716235
2 8
2 2
2 2 2 22 2 2 2 18
2 2 2 18 2 22 2 2
2 8
24936 183661
624703 736380 483130 902979 869031 78502 975759 442900
519606 865782 503432 331957 462615 999197 315038 794079
2 1
9 5
990
450
1 8
7
8980 19250 722 9970 9800 11991 5151 14000
2 8
9 3
3606 11880 4500 17820 2675 20289 7099 5757
3240 1310 1859 2369 7338 836 1500 7260
1 7
1
498 502 474 546 497 550 468
1 7
1
1982 2191 405 467 318 500 2070
1 8
4
3600 4294 4004 4000 4388 3855 4400 3855
1 5
6
9810 11641 10712 10800 11880
1 6
10
5500 12402 12000 11280 19135 19863
2 1
77679 596133
713209
918623
2 8
280398 773
842269 688162 982384 899098 282517 537336 815789 979580
802065 779468 940002 601619 976015 837441 950858 855849
2 8
10 3
42 50 20 10 48 110 53 110
27 15 3 6 15 27 11 14
1 6
1
6 2 3 9 1 3
2 8
2 9
3520 3002 2995 3020 3200 2883 3266 3351
12960 13684 14400 13494 14090 15477 15651 15320
2 1
2 5
4000
10000
1 2
3
660 307
2 8
44728 210707
396590 608835 859978 889219 901701 145862 420173 841281
711371 623709 831337 853600 994121 949854 570018 189248
1 8
7
16800 4967 14307 7041 1497 15027 10780 15061
2 8
59026 4105
394057 679629 747142 860670 540642 880303 513172 590817
138791 993376 786558 966677 544142 994163 917966 808614
1 5
4
36 8 8 19 8
1 4
7
2657 2765 3063 3157
2 1
8 6
34
25
1 5
2
3232 2160 2100 2000 1948
1 1
10
22000
2 8
8 4
6835 4000 796 6160 4896 2525 2886 1760
431 3453 720 2000 2210 2520 1465 1319
1 1
1
2070
1 7
2
8 16 11 4 12 22 17
2 8
1 1
1000000 999999 999998 999997 999996 999995 999994 999993
999992 999991 999990 999989 999988 999987 999986 999985
1 4
10
9819 10090 10940 11000
1 2
4
4732 5200
2 6
1 2
1 11 1 11 1 1
18 2 2 2 18 2
2 8
3 10
4860 6300 7040 980 6164 4733 5280 2670
21000 3065 23004 8150 14400 19800 22991 15874
2 8
4 2
4 4 4 4 4 44 36 4
18 2 2 2 22 2 2 2
2 5
10 8
5847 5707 6417 5400 6040
4558 4797 5280 5275 4832
1 3
4
7084 6380 6846
2 1
2 4
2000
4000
1 1
2
3400
1 1
4
3080
1 3
6
646 1783 1200
2 8
3 10
21 6 33 17 12 12 33 21
38 90 70 90 70 18 42 58
2 5
10 10
12541 13517 13000 11700 11979
13000 14300 11866 12492 14226
1 2
45593
365764 814026
2 1
5 4
18
15
2 8
6 4
13080 14060 15449 14879 14412 14441 15840 14412
10044 9608 9012 10166 10124 10167 8640 9297
2 2
823570 79509
986529 988393
541913 443664
2 8
9 8
935 990 896 817 931 835 900 900
720 815 733 831 800 800 878 801
2 3
5 5
45 20 44
38 20 55
1 2
5
450 1051
2 7
10 3
66 90 29 58 65 80 90
19 9 33 24 19 33 18
2 6
10 7
20796 20040 18728 21686 20000 18000
12862 14713 14028 14113 14000 15400
1 2
10
1005 2000
1 8
7
27 42 63 26 54 7 36 7
1 8
10
5 7 3 4 8 1 6 2
2 1
2 8
1415
5559
2 7
3 5
600 1879 878 2100 1139 318 1350
1000 1952 1368 521 3287 2750 3500
2 5
4 5
15 36 12 34 15
55 15 40 22 20
1 5
3
1542 569 990 1200 325
1 4
161077
750222 912235 874809 834373
1 6
368924
956559 498121 947327 812140 962313 718171
2 3
7 3
15600 18557 15490
6729 6507 6814
2 5
5 9
55 5 5 5 5
9 9 9 81 9
2 7
2614 381572
637879 537563 878442 946458 830672 525880 989263
968684 762527 839824 974738 969636 933632 948435
1 3
2
360 181 652
2 8
5 4
1155 933 1027 1069 1077 1100 1005 981
741 769 756 816 878 720 804 782
1 4
4
36 4 4 4
2 6
582920 110598
690391 889846 287967 998116 246051 876298
981125 439678 918296 929288 919691 998144
2 5
9 8
2430 900 1622 3874 4522
800 4142 1547 2640 3516
1 7
8
24 8 16 45 16 72 52
1 7
8
9577 8781 9600 10560 10281 10133 10560
2 7
5 1
3467 3000 1650 2726 500 1086 1838
656 367 600 270 181 100 538
2 8
1 6
880 201 330 103 400 645 488 653
646 3916 2400 1620 4320 2908 1225 4278
2 2
5 10
3000 9793
18047 6000
2 8
674616 108664
879497 296086 772502 813738 840275 883563 324161 928007
854053 997499 403399 804488 823280 973997 791645 565124
1 6
1
1260 1700 659 2066 1062 1870
1 1
8
7040
