100
2 2 2
2 1 3
4 4 1
3 2 3
5 15 2
5 20 4
8 4 4
20 10 16
7 1 7
4 2 4
5 4 5
5 2 10
5 10 7
7 14 5
3 1 3
5 10 10
4 4 4
5 3 20
7 4 7
7 2 7
2 3 3
7 14 4
5 10 4
17 4 5
6 6 5
19 19 19
4 3 3
7 6 7
6 4 9
6 12 12
5 2 20
1 1 1
10 5 20
5 5 5
6 10 3
4 4 3
6 4 20
3 3 4
6 3 8
3 2 2
8 10 11
8 8 8
6 4 6
5 5 1
8 7 1
6 18 1
5 7 7
5 4 15
5 4 4
7 5 7
19 19 1
18 6 9
2 4 4
7 14 20
18 12 15
6 18 18
20 17 14
18 3 6
5 15 3
12 12 2
2 1 4
2 1 1
18 15 18
20 20 20
7 7 7
5 20 1
18 9 12
5 10 5
19 19 10
5 3 10
10 10 10
16 8 8
15 10 9
10 10 1
5 20 20
3 4 4
14 7 8
7 3 7
5 3 8
9 9 9
6 9 2
6 5 5
2 4 1
6 6 3
6 3 4
11 11 11
6 3 20
4 1 4
4 3 2
6 20 20
13 16 10
5 20 5
5 2 5
6 6 6
5 3 5
8 16 6
5 6 10
5 5 3
10 15 5
5 5 6
