100
132
1000
7
111111111111111110
285
999999999999999999
141603106135084912
841668361341783491
112367788813
554556678889
546866867228375966
781823664222660159
1000000000000000000
570734892851696044
322224555577
9899
145566799991943717
947815201883280659
990955717719233969
109
5
110839876431588931
214270148692362360
1366569
453474962520884183
250886799303313966
346373028055860659
111111122222222214
134456777888997779
51133333334779000
11111122222222202
612224455678889999
247028645258690183
111111111110
11124459979798799
512344446777889998
344556778899988999
905510944155525413
671320932524418362
122344424689
400535961178990081
618
6156
22346665666556685
622438068154955836
124266498564
40
31122234456667778
798619201403337695
3133699
727849933829882385
6468
176988774714745811
3223798
12335333445555689
41111234455566688
13155749693131442
970140913131272026
760807951525979750
326889533812854704
76999999999999999
12222344556677771
211244466679
241132228264762863
523344566788
1100029
92233467778889999
211114444566677779
87
1554
6585788
412445667998
596843686723579345
3839
879999999999
378665113847591854
962452554402720673
153408903861917342
7699999
753525849008497142
1479956
8123580
765698574544143961
547
1
35
783103332577981720
870
452054552263410150
1491558
219999999999999999
991724256608353426
5887
6259
198906482219288331
111223333444555551
20
122322249694
989
1111110
